#
# Sprite sheet data for MonoGame.
#
# To learn how to import these sprites into your MonoGame project visit:
# https://www.codeandweb.com/texturepacker/monogame
#
# Sprite sheet: animation.png (2016 x 336)
# $TexturePacker:SmartUpdate:862f51f1413151f3b6e8941b2227b271:b16ed7d81695db495f30fe3b788946eb:ab3cd46ba0cd6e85f0c09a20d37b0572$
#

001;0;1744;1;270;313;450;350;0.8333333333333334;0.46006389776357826
002;0;1260;1;240;322;450;350;0.7833333333333333;0.5062111801242236
003;0;778;1;239;324;450;350;0.5857740585774058;0.5401234567901234
004;0;272;1;251;332;450;350;0.3545816733067729;0.5150602409638554
005;0;1;1;269;332;450;350;0.20074349442379183;0.47289156626506024
006;0;525;1;251;332;450;350;0.3545816733067729;0.5150602409638554
007;0;1019;1;239;324;450;350;0.5857740585774058;0.5401234567901234
008;0;1502;1;240;322;450;350;0.7833333333333333;0.5062111801242236